%% exercicio 8

y = 0.02 * 100
